NAME : coverage_path.71832.tour
COMMENT : Length = 71832
COMMENT : Found by LKH [Keld Helsgaun] Tue Jul 29 20:46:45 2025
TYPE : TOUR
DIMENSION : 146
TOUR_SECTION
1
92
93
80
68
69
81
94
95
107
106
118
119
120
108
96
83
82
70
71
72
84
97
109
110
98
85
73
61
60
59
58
46
47
48
49
37
36
24
25
13
12
11
10
9
8
20
21
22
23
35
34
33
32
31
43
44
45
57
56
55
67
79
91
104
103
90
89
102
101
113
114
126
125
124
112
100
87
88
76
64
65
77
78
66
54
42
30
29
28
40
41
53
52
51
39
27
15
16
17
18
19
7
6
5
4
3
2
14
26
38
50
62
63
75
74
86
99
111
123
135
136
137
138
139
140
141
142
143
144
145
146
134
122
121
133
132
131
130
129
128
127
115
116
117
105
-1
EOF
